PLAYER
22,31
PLATFORMS
21
0,0,40,1
0,0,1,16
0,18,1,17
0,37,1,3
0,39,18,1
20,39,22,1
39,0,1,40
20,33,6,1
15,34,3,1
30,27,1,12
15,23,5,1
26,21,4,1
33,18,6,1
27,15,1,1
21,13,1,1
27,10,1,1
34,13,5,1
12,17,3,1
38,6,1,1
1,9,9,1
33,3,6,1
BOOSTERS
2
16,34
21,13
SPIKES
37
1,38
2,38
3,38
4,38
5,38
6,38
7,38
8,38
9,38
10,38
11,38
12,38
13,38
14,38
15,38
16,38
17,38
20,38
21,38
22,38
23,38
24,38
25,38
26,38
27,38
28,38
29,38
35,17
36,17
27,17,1
27,12,1
1,2,1
2,2,1
3,2,1
4,2,1
5,2,1
6,2,1
BALLS
17
18,39
34,37
0,36
16,32
21,25
13,19
28,20
27,14
38,16
0,17
21,11
27,9
35,12
38,4
21,4
3,7
37,2
BUTTONS
3
34,38
13,16
38,5
END