PLAYER
22,24
PLATFORMS
30
0,0,40,1
0,0,1,16
0,18,1,17
0,37,1,3
0,39,16,1
18,39,22,1
39,0,1,7
39,9,1,31
18,33,6,1
13,34,3,1
30,27,1,12
15,23,3,1
18,23,1,7
19,26,11,1
30,26,1,13
26,29,4,1
27,36,3,1
26,21,4,1
33,18,6,1
27,15,1,1
19,11,1,1
27,10,1,1
34,13,5,1
38,6,1,1
1,9,12,1
33,3,6,1
1,18,10,1
4,10,1,8
10,13,1,5
10,18,5,1
BOOSTERS
5
14,34
19,11
13,18
30,26
18,23
SPIKES
19
1,38,15,1
18,38,7,1
35,17,2,1
27,16,1,1,2
27,11,1,1,2
1,1,7,1,2
1,19,10,1,2
15,24,3,1,2
5,10,1,8,1
9,14,1,4,3
11,14,1,4,1
31,38,1,1
34,38,2,1
38,38,1,1
18,30,1,1,2
10,12,1,1
9,13,1,1,3
11,13,1,1,1
6,8,7,1
BALLS
22
7,16
39,8
16,39
36,38
29,28
29,35
0,36
14,32
20,25
13,19
28,20
27,14
38,16
0,17
19,9
27,9
35,12
38,4
21,4
36,2
2,8
2,17
BUTTONS
3
33,38
7,17
38,5
PORTALS
4
29,37
2,10
38,1
2,20
SECRETS
15
16,38,1
17,38,1
25,38,1
26,38,1
27,38,1
28,38,1
29,38,1
16,39,2
17,39,2
0,35,2
0,36,2
0,16,2
0,17,2
39,7,2
39,8,2
END